1
2
1
6
2
1
2
12
0
1
2
7
3
2
12
2
0
4
16
0
3
1
14
0
15
14
1
10
0
7
4
7
3
12
0
2
4
1
2
0
1
3
4
1
2
1
3
1
5
7
1
1
1
3
9
1
0
3
9
0
13
4
2
1
3
1
3
1
3
3
10
3
13
2
2
14
0
1
2
3
6
6
8
11
1
9
0
2
3
0
3
1
0
2
13
1
1
1
2
9
1
3
9
6
10
2
1
7
1
1
3
3
2
3
1
2
2
2
3
3
2
2
11
0
1
2
9
3
2
1
2
3
1
2
1
2
1
7
7
3
1
3
1
3
2
3
4
0
2
4
2
9
1
1
3
1
1
4
2
2
1
0
3
1
0
11
3
1
3
2
0
0
3
1
6
1
5
1
2
5
3
3
2
2
7
2
2
1
3
5
0
1
2
4
16
1
4
3
2
5
1
3
14
0
3
3
1
5
1
1
7
0
8
0
2
3
1
1
5
4
0
2
1
2
1
4
2
3
1
3
1
14
9
2
3
2
1
1
1
6
2
6
1
15
4
10
0
2
2
4
5
4
1
4
2
0
1
2
4
1
17
1
1
2
1
10
3
1
2
5
2
3
12
1
2
1
1
7
8
4
1
3
1
1
11
1
3
14
3
2
1
0
10
9
7
3
2
4
3
9
3
3
2
0
1
3
2
10
2
8
3
5
11
3
4
2
8
0
3
4
2
1
15
2
2
7
2
1
2
9
3
2
1
1
11
2
2
3
1
1
7
3
2
3
3
1
20
11
2
12
14
1
15
0
3
5
2
2
1
9
3
3
5
1
0
1
12
1
1
0
13
0
1
2
2
0
3
8
5
12
18
0
2
1
1
2
1
12
3
3
4
3
1
2
1
2
5
8
0
3
9
8
6
1
9
0
0
1
1
11
2
14
8
2
1
2
5
1
2
3
1
2
3
16
3
1
1
3
10
1
0
3
12
2
0
13
1
3
7
1
1
6
1
2
0
13
3
6
7
10
10
5
2
6
0
1
8
0
2
5
11
1
1
3
3
1
5
2
7
11
2
13
4
0
10
2
6
1
6
2
7
3
2
0
12
1
4
18
3
12
1
4
1
2
2
5
9
1
2
5
1
0
1
1
6
2
2
3
1
9
1
1
2
1
2
0
0
1
0
3
1
1
8
7
4
1
1
2
1
12
1
3
2
0
3
0
7
1
2
3
1
0
1
2
1
3
11
0
11
12
2
11
1
3
16
12
0
3
0
3
2
2
5
1
1
3
2
1
4
2
0
1
1
2
4
4
1
2
7
4
11
13
10
15
2
2
4
3
0
15
3
0
13
1
5
2
3
5
12
2
3
0
2
12
1
0
8
1
8
7
1
1
3
5
10
1
0
1
2
5
5
8
2
7
0
2
2
2
1
3
9
2
3
16
5
3
0
10
3
2
3
2
2
2
4
2
2
4
3
3
15
2
3
2
1
11
3
1
3
2
5
7
12
2
3
4
3
1
8
2
1
3
2
0
1
6
4
3
8
1
4
3
7
8
3
8
1
2
5
4
5
3
4
3
1
9
0
3
3
0
3
1
0
0
7
9
1
11
3
3
1
8
4
2
3
3
0
3
2
1
4
1
0
0
1
9
2
0
3
2
4
5
2
1
1
9
0
3
3
18
3
2
14
0
2
1
3
1
2
2
0
6
1
2
3
4
3
3
2
0
1
2
7
3
2
3
2
1
2
1
1
3
9
1
1
5
6
3
1
10
2
2
2
3
4
7
2
2
3
3
1
3
1
9
2
1
2
2
2
1
4
1
0
4
0
2
1
1
6
0
1
7
8
6
1
1
6
1
8
3
2
1
0
7
0
3
0
3
3
3
1
2
1
7
4
1
2
9
12
2
1
6
0
5
0
2
6
12
4
2
1
1
0
2
0
1
2
3
2
3
3
4
1
2
6
4
1
2
1
1
12
2
3
8
1
2
3
3
3
9
1
2
2
2
14
1
1
2
9
4
4
3
10
2
3
1
1
5
1
11
3
3
2
0
3
3
2
1
10
4
10
9
2
2
2
1
1
2
1
13
5
3
2
2
4
12
2
1
0
6
11
2
4
2
0
13
12
5
1
0
7
3
12
15
0
3
2
3
7
3
3
1
1
3
10
9
1
2
3
2
2
1
2
1
2
19
9
3
4
1
5
6
0
11
1
1
2
3
10
2
1
6
6
1
1
0
6
3
16
8
3
3
1
3
1
5
9
2
1
2
